130   1   1 HW www 50000 15
130   1  10 HW aaw 40000 15
130   1 101 HW www 50000 15
130   1 104 HW bbw 40000 15
130   1 106 HW www 50000 15
130   1 109 HW bbw 40000 15
130   1  11 HW www 50000 15
130   1 111 HW www 50000 15
130   1 114 HW bbw 40000 15
130   1 116 HW www 50000 15
130   1 119 HW bbw 40000 15
130   1  12 HW zzw 43500 15
130   1 121 HW www 50000 15
130   1 124 HW bbw 40000 15
130   1 126 HW www 50000 15
130   1 129 HW bbw 40000 15
130   1  13 HW ttw 40000 15
130   1 131 HW www 50000 15
130   1 134 HW bbw 40000 15
130   1 136 HW www 50000 15
130   1  14 HW bbw 40000 15
130   1 141 HW www 50000 15
130   1 146 HW www 50000 15
130   1  15 HW aaw 40000 15
130   1 151 HW www 50000 15
130   1 156 HW www 50000 15
130   1  16 HW www 50000 15
130   1 161 HW www 50000 15
130   1 166 HW www 50000 15
130   1  17 HW zzw 43500 15
130   1 171 HW www 50000 15
130   1 176 HW www 50000 15
130   1  18 HW ttw 40000 15
130   1 181 HW www 50000 15
130   1 186 HW www 50000 15
130   1  19 HW bbw 40000 15
130   1 191 HW www 50000 15
130   1 196 HW www 50000 15
130   1   2 HW zzw 43500 15
130   1 201 HW www 50000 15
130   1 206 HW www 50000 15
130   1  21 HW www 50000 15
130   1 211 HW www 50000 15
130   1 216 HW www 50000 15
130   1 221 HW www 50000 15
130   1 226 HW www 50000 15
130   1  23 HW ttw 40000 15
130   1 231 HW www 50000 15
130   1 236 HW www 50000 15
130   1  24 HW bbw 40000 15
130   1 241 HW www 50000 15
130   1 246 HW www 50000 15
130   1 251 HW www 50000 15
130   1 256 HW www 50000 15
130   1  26 HW www 50000 15
130   1 261 HW www 50000 15
130   1 266 HW www 50000 15
130   1 271 HW www 50000 15
130   1 276 HW www 50000 15
130   1  28 HW ttw 40000 15
130   1 281 HW www 50000 15
130   1 286 HW www 50000 15
130   1  29 HW bbw 40000 15
130   1 291 HW www 50000 15
130   1 296 HW www 50000 15
130   1   3 HW ttw 40000 15
130   1  31 HW www 50000 15
130   1  33 HW ttw 40000 15
130   1  34 HW bbw 40000 15
130   1  36 HW www 50000 15
130   1  38 HW ttw 40000 15
130   1  39 HW bbw 40000 15
130   1   4 HW bbw 40000 15
130   1  41 HW www 50000 15
130   1  43 HW ttw 40000 15
130   1  44 HW bbw 40000 15
130   1  46 HW www 50000 15
130   1  49 HW bbw 40000 15
130   1   5 HW aaw 40000 15
130   1  51 HW www 50000 15
130   1  54 HW bbw 40000 15
130   1  56 HW www 50000 15
130   1  59 HW bbw 40000 15
130   1   6 HW www 50000 15
130   1  61 HW www 50000 15
130   1  64 HW bbw 40000 15
130   1  66 HW www 50000 15
130   1  69 HW bbw 40000 15
130   1   7 HW zzw 43500 15
130   1  71 HW www 50000 15
130   1  74 HW bbw 40000 15
130   1  76 HW www 50000 15
130   1  79 HW bbw 40000 15
130   1   8 HW ttw 40000 15
130   1  81 HW www 50000 15
130   1  84 HW bbw 40000 15
130   1  86 HW www 50000 15
130   1  89 HW bbw 40000 15
130   1   9 HW bbw 40000 15
130   1  91 HW www 50000 15
130   1  94 HW bbw 40000 15
130   1  96 HW www 50000 15
130   1  99 HW bbw 40000 15
150   1   1 HW www 50000 15
150   1  10 HW aaw 30000 15
150   1 101 HW www 50000 15
150   1 106 HW www 50000 15
150   1  11 HW www 50000 15
150   1 111 HW www 50000 15
150   1 116 HW www 50000 15
150   1 121 HW www 50000 15
150   1 126 HW www 50000 15
150   1  13 HW ttw 30000 15
150   1 131 HW www 50000 15
150   1 136 HW www 50000 15
150   1  14 HW bbw 45000 15
150   1 141 HW www 50000 15
150   1 146 HW www 50000 15
150   1  16 HW www 50000 15
150   1  18 HW ttw 30000 15
150   1  19 HW bbw 45000 15
150   1   2 HW zzw 43500 15
150   1  21 HW www 50000 15
150   1  23 HW ttw 30000 15
150   1  24 HW bbw 45000 15
150   1  26 HW www 50000 15
150   1  28 HW ttw 30000 15
150   1  29 HW bbw 45000 15
150   1   3 HW ttw 30000 15
150   1  31 HW www 50000 15
150   1  34 HW bbw 45000 15
150   1  36 HW www 50000 15
150   1  39 HW bbw 45000 15
150   1   4 HW bbw 45000 15
150   1  41 HW www 50000 15
150   1  44 HW bbw 45000 15
150   1  46 HW www 50000 15
150   1  49 HW bbw 45000 15
150   1   5 HW aaw 30000 15
150   1  51 HW www 50000 15
150   1  54 HW bbw 45000 15
150   1  56 HW www 50000 15
150   1  59 HW bbw 45000 15
150   1   6 HW www 50000 15
150   1  61 HW www 50000 15
150   1  66 HW www 50000 15
150   1   7 HW zzw 43500 15
150   1  71 HW www 50000 15
150   1  76 HW www 50000 15
150   1   8 HW ttw 30000 15
150   1  81 HW www 50000 15
150   1  86 HW www 50000 15
150   1   9 HW bbw 45000 15
150   1  91 HW www 50000 15
150   1  96 HW www 50000 15
150  20   1 HW www 50000 15
150  20  10 HW aaw 30000 15
150  20 101 HW www 50000 15
150  20 106 HW www 50000 15
150  20  11 HW www 50000 15
150  20 111 HW www 50000 15
150  20 116 HW www 50000 15
150  20 121 HW www 50000 15
150  20 126 HW www 50000 15
150  20  13 HW ttw 45000 15
150  20 131 HW www 50000 15
150  20 136 HW www 50000 15
150  20  14 HW bbw 45000 15
150  20 141 HW www 50000 15
150  20 146 HW www 50000 15
150  20  16 HW www 50000 15
150  20  18 HW ttw 45000 15
150  20  19 HW bbw 45000 15
150  20   2 HW zzw 43500 15
150  20  21 HW www 50000 15
150  20  24 HW bbw 45000 15
150  20  26 HW www 50000 15
150  20  29 HW bbw 45000 15
150  20   3 HW ttw 45000 15
150  20  31 HW www 50000 15
150  20  34 HW bbw 45000 15
150  20  36 HW www 50000 15
150  20  39 HW bbw 45000 15
150  20   4 HW bbw 45000 15
150  20  41 HW www 50000 15
150  20  44 HW bbw 45000 15
150  20  46 HW www 50000 15
150  20  49 HW bbw 45000 15
150  20   5 HW aaw 30000 15
150  20  51 HW www 50000 15
150  20  54 HW bbw 45000 15
150  20  56 HW www 50000 15
150  20  59 HW bbw 45000 15
150  20   6 HW www 50000 15
150  20  61 HW www 50000 15
150  20  66 HW www 50000 15
150  20   7 HW zzw 43500 15
150  20  71 HW www 50000 15
150  20  76 HW www 50000 15
150  20   8 HW ttw 45000 15
150  20  81 HW www 50000 15
150  20  86 HW www 50000 15
150  20   9 HW bbw 45000 15
150  20  91 HW www 50000 15
150  20  96 HW www 50000 15
175   1   1 HW www 50000 15
175   1  10 HW aaw 30000 15
175   1 101 HW www 50000 15
175   1 106 HW www 50000 15
175   1  11 HW www 50000 15
175   1 111 HW www 50000 15
175   1 116 HW www 50000 15
175   1 121 HW www 50000 15
175   1 126 HW www 50000 15
175   1  13 HW ttw 45000 15
175   1 131 HW www 50000 15
175   1 136 HW www 50000 15
175   1  14 HW bbw 45000 15
175   1 141 HW www 50000 15
175   1 146 HW www 50000 15
175   1  16 HW www 50000 15
175   1  18 HW ttw 45000 15
175   1  19 HW bbw 45000 15
175   1   2 HW zzw 43500 15
175   1  21 HW www 50000 15
175   1  24 HW bbw 45000 15
175   1  26 HW www 50000 15
175   1  29 HW bbw 45000 15
175   1   3 HW ttw 45000 15
175   1  31 HW www 50000 15
175   1  34 HW bbw 45000 15
175   1  36 HW www 50000 15
175   1  39 HW bbw 45000 15
175   1   4 HW bbw 45000 15
175   1  41 HW www 50000 15
175   1  44 HW bbw 45000 15
175   1  46 HW www 50000 15
175   1  49 HW bbw 45000 15
175   1   5 HW aaw 30000 15
175   1  51 HW www 50000 15
175   1  54 HW bbw 45000 15
175   1  56 HW www 50000 15
175   1  59 HW bbw 45000 15
175   1   6 HW www 50000 15
175   1  61 HW www 50000 15
175   1  66 HW www 50000 15
175   1   7 HW zzw 43500 15
175   1  71 HW www 50000 15
175   1  76 HW www 50000 15
175   1   8 HW ttw 45000 15
175   1  81 HW www 50000 15
175   1  86 HW www 50000 15
175   1   9 HW bbw 45000 15
175   1  91 HW www 50000 15
175   1  96 HW www 50000 15
175  25   1 HW www 50000 15
175  25  10 HW aaw 30000 15
175  25 101 HW www 50000 15
175  25 106 HW www 50000 15
175  25  11 HW www 50000 15
175  25 111 HW www 50000 15
175  25 116 HW www 50000 15
175  25 121 HW www 50000 15
175  25 126 HW www 50000 15
175  25  13 HW ttw 45000 15
175  25 131 HW www 50000 15
175  25 136 HW www 50000 15
175  25  14 HW bbw 45000 15
175  25 141 HW www 50000 15
175  25 146 HW www 50000 15
175  25  16 HW www 50000 15
175  25  18 HW ttw 45000 15
175  25  19 HW bbw 45000 15
175  25   2 HW zzw 43500 15
175  25  21 HW www 50000 15
175  25  24 HW bbw 45000 15
175  25  26 HW www 50000 15
175  25  29 HW bbw 45000 15
175  25   3 HW ttw 45000 15
175  25  31 HW www 50000 15
175  25  34 HW bbw 45000 15
175  25  36 HW www 50000 15
175  25  39 HW bbw 45000 15
175  25   4 HW bbw 45000 15
175  25  41 HW www 50000 15
175  25  44 HW bbw 45000 15
175  25  46 HW www 50000 15
175  25  49 HW bbw 45000 15
175  25   5 HW aaw 30000 15
175  25  51 HW www 50000 15
175  25  54 HW bbw 45000 15
175  25  56 HW www 50000 15
175  25  59 HW bbw 45000 15
175  25   6 HW www 50000 15
175  25  61 HW www 50000 15
175  25  66 HW www 50000 15
175  25   7 HW zzw 43500 15
175  25  71 HW www 50000 15
175  25  76 HW www 50000 15
175  25   8 HW ttw 45000 15
175  25  81 HW www 50000 15
175  25  86 HW www 50000 15
175  25   9 HW bbw 45000 15
175  25  91 HW www 50000 15
175  25  96 HW www 50000 15
175  45   1 HW www 50000 15
175  45  10 HW aaw 30000 15
175  45 101 HW www 50000 15
175  45 106 HW www 50000 15
175  45  11 HW www 50000 15
175  45 111 HW www 50000 15
175  45 116 HW www 50000 15
175  45 121 HW www 50000 15
175  45 126 HW www 50000 15
175  45  13 HW ttw 45000 15
175  45 131 HW www 50000 15
175  45 136 HW www 50000 15
175  45  14 HW bbw 45000 15
175  45 141 HW www 50000 15
175  45 146 HW www 50000 15
175  45  16 HW www 50000 15
175  45  18 HW ttw 45000 15
175  45  19 HW bbw 45000 15
175  45   2 HW zzw 43500 15
175  45  21 HW www 50000 15
175  45  24 HW bbw 45000 15
175  45  26 HW www 50000 15
175  45  29 HW bbw 45000 15
175  45   3 HW ttw 45000 15
175  45  31 HW www 50000 15
175  45  34 HW bbw 45000 15
175  45  36 HW www 50000 15
175  45  39 HW bbw 45000 15
175  45   4 HW bbw 45000 15
175  45  41 HW www 50000 15
175  45  44 HW bbw 45000 15
175  45  46 HW www 50000 15
175  45  49 HW bbw 45000 15
175  45   5 HW aaw 30000 15
175  45  51 HW www 50000 15
175  45  54 HW bbw 45000 15
175  45  56 HW www 50000 15
175  45  59 HW bbw 45000 15
175  45   6 HW www 50000 15
175  45  61 HW www 50000 15
175  45  66 HW www 50000 15
175  45   7 HW zzw 43500 15
175  45  71 HW www 50000 15
175  45  76 HW www 50000 15
175  45   8 HW ttw 45000 15
175  45  81 HW www 50000 15
175  45  86 HW www 50000 15
175  45   9 HW bbw 45000 15
175  45  91 HW www 50000 15
175  45  96 HW www 50000 15
200   1   1 HW www 50000 15
200   1  11 HW www 50000 15
200   1  14 HW bbw 43200 15
200   1  16 HW www 50000 15
200   1  19 HW bbw 43200 15
200   1   2 HW zzw 34800 15
200   1  21 HW www 50000 15
200   1  24 HW bbw 43200 15
200   1  26 HW www 50000 15
200   1   3 HW ttw 36000 15
200   1  31 HW www 50000 15
200   1  36 HW www 50000 15
200   1   4 HW bbw 43200 15
200   1  41 HW www 50000 15
200   1  46 HW www 50000 15
200   1   5 HW aaw 30000 15
200   1  51 HW www 50000 15
200   1  56 HW www 50000 15
200   1   6 HW www 50000 15
200   1   7 HW zzw 34800 15
200   1   8 HW ttw 36000 15
200   1   9 HW bbw 43200 15
200  25   1 HW www 50000 15
200  25  11 HW www 50000 15
200  25  14 HW bbw 43200 15
200  25  16 HW www 50000 15
200  25  19 HW bbw 43200 15
200  25   2 HW zzw 34800 15
200  25  21 HW www 50000 15
200  25  24 HW bbw 43200 15
200  25  26 HW www 50000 15
200  25   3 HW ttw 36000 15
200  25  31 HW www 50000 15
200  25  36 HW www 50000 15
200  25   4 HW bbw 43200 15
200  25  41 HW www 50000 15
200  25  46 HW www 50000 15
200  25   5 HW aaw 30000 15
200  25  51 HW www 50000 15
200  25  56 HW www 50000 15
200  25   6 HW www 50000 15
200  25   7 HW zzw 34800 15
200  25   8 HW ttw 36000 15
200  25   9 HW bbw 43200 15
200  50   1 HW www 50000 15
200  50  11 HW www 50000 15
200  50  14 HW bbw 43200 15
200  50  16 HW www 50000 15
200  50  19 HW bbw 43200 15
200  50   2 HW zzw 34800 15
200  50  21 HW www 50000 15
200  50  24 HW bbw 43200 15
200  50  26 HW www 50000 15
200  50   3 HW ttw 36000 15
200  50  31 HW www 50000 15
200  50  36 HW www 50000 15
200  50   4 HW bbw 43200 15
200  50  41 HW www 50000 15
200  50  46 HW www 50000 15
200  50   5 HW aaw 30000 15
200  50  51 HW www 50000 15
200  50  56 HW www 50000 15
200  50   6 HW www 50000 15
200  50   7 HW zzw 34800 15
200  50   8 HW ttw 36000 15
200  50   9 HW bbw 43200 15
200  70   1 HW www 50000 15
200  70  11 HW www 50000 15
200  70  14 HW bbw 43200 15
200  70  16 HW www 50000 15
200  70  19 HW bbw 43200 15
200  70   2 HW zzw 34800 15
200  70  21 HW www 50000 15
200  70  24 HW bbw 43200 15
200  70  26 HW www 50000 15
200  70   3 HW ttw 36000 15
200  70  31 HW www 50000 15
200  70  36 HW www 50000 15
200  70   4 HW bbw 43200 15
200  70  41 HW www 50000 15
200  70  46 HW www 50000 15
200  70   5 HW aaw 30000 15
200  70  51 HW www 50000 15
200  70  56 HW www 50000 15
200  70   6 HW www 50000 15
200  70   7 HW zzw 34800 15
200  70   8 HW ttw 36000 15
200  70   9 HW bbw 43200 15
225   1   1 HW www 50000 15
225   1  11 HW www 50000 15
225   1  14 HW bbw 43200 15
225   1  16 HW www 50000 15
225   1  19 HW bbw 43200 15
225   1   2 HW zzw 34800 15
225   1  21 HW www 50000 15
225   1  24 HW bbw 43200 15
225   1  26 HW www 50000 15
225   1   3 HW ttw 36000 15
225   1  31 HW www 50000 15
225   1  36 HW www 50000 15
225   1   4 HW bbw 43200 15
225   1  41 HW www 50000 15
225   1  46 HW www 50000 15
225   1   5 HW aaw 30000 15
225   1  51 HW www 50000 15
225   1  56 HW www 50000 15
225   1   6 HW www 50000 15
225   1   7 HW zzw 34800 15
225   1   8 HW ttw 36000 15
225   1   9 HW bbw 43200 15
225  25   1 HW www 50000 15
225  25  11 HW www 50000 15
225  25  14 HW bbw 43200 15
225  25  16 HW www 50000 15
225  25  19 HW bbw 43200 15
225  25   2 HW zzw 34800 15
225  25  21 HW www 50000 15
225  25  24 HW bbw 43200 15
225  25  26 HW www 50000 15
225  25   3 HW ttw 36000 15
225  25  31 HW www 50000 15
225  25  36 HW www 50000 15
225  25   4 HW bbw 43200 15
225  25  41 HW www 50000 15
225  25  46 HW www 50000 15
225  25   5 HW aaw 30000 15
225  25  51 HW www 50000 15
225  25  56 HW www 50000 15
225  25   6 HW www 50000 15
225  25   7 HW zzw 34800 15
225  25   8 HW ttw 36000 15
225  25   9 HW bbw 43200 15
225  50   1 HW www 50000 15
225  50  11 HW www 50000 15
225  50  14 HW bbw 43200 15
225  50  16 HW www 50000 15
225  50  19 HW bbw 43200 15
225  50   2 HW zzw 34800 15
225  50  21 HW www 50000 15
225  50  24 HW bbw 43200 15
225  50  26 HW www 50000 15
225  50   3 HW ttw 36000 15
225  50  31 HW www 50000 15
225  50  36 HW www 50000 15
225  50   4 HW bbw 43200 15
225  50  41 HW www 50000 15
225  50  46 HW www 50000 15
225  50   5 HW aaw 30000 15
225  50  51 HW www 50000 15
225  50  56 HW www 50000 15
225  50   6 HW www 50000 15
225  50   7 HW zzw 34800 15
225  50   8 HW ttw 36000 15
225  50   9 HW bbw 43200 15
225  75   1 HW www 50000 15
225  75  11 HW www 50000 15
225  75  14 HW bbw 43200 15
225  75  16 HW www 50000 15
225  75  19 HW bbw 43200 15
225  75   2 HW zzw 34800 15
225  75  21 HW www 50000 15
225  75  24 HW bbw 43200 15
225  75  26 HW www 50000 15
225  75   3 HW ttw 36000 15
225  75  31 HW www 50000 15
225  75  36 HW www 50000 15
225  75   4 HW bbw 43200 15
225  75  41 HW www 50000 15
225  75  46 HW www 50000 15
225  75   5 HW aaw 30000 15
225  75  51 HW www 50000 15
225  75  56 HW www 50000 15
225  75   6 HW www 50000 15
225  75   7 HW zzw 34800 15
225  75   8 HW ttw 36000 15
225  75   9 HW bbw 43200 15
225  95   1 HW www 50000 15
225  95  11 HW www 50000 15
225  95  14 HW bbw 43200 15
225  95  16 HW www 50000 15
225  95  19 HW bbw 43200 15
225  95   2 HW zzw 34800 15
225  95  21 HW www 50000 15
225  95  24 HW bbw 43200 15
225  95  26 HW www 50000 15
225  95   3 HW ttw 36000 15
225  95  31 HW www 50000 15
225  95  36 HW www 50000 15
225  95   4 HW bbw 43200 15
225  95  41 HW www 50000 15
225  95  46 HW www 50000 15
225  95   5 HW aaw 30000 15
225  95  51 HW www 50000 15
225  95  56 HW www 50000 15
225  95   6 HW www 50000 15
225  95   7 HW zzw 34800 15
225  95   8 HW ttw 36000 15
225  95   9 HW bbw 43200 15
250   1   1 HW www 50000 15
250   1  11 HW www 50000 15
250   1  16 HW www 50000 15
250   1   2 HW zzw 30000 15
250   1  21 HW www 50000 15
250   1  26 HW www 50000 15
250   1   3 HW ttw 30000 15
250   1  31 HW www 50000 15
250   1  36 HW www 50000 15
250   1   4 HW bbw 27000 15
250   1  41 HW www 50000 15
250   1   5 HW aaw 30000 15
250   1   6 HW www 50000 15
250   1   9 HW bbw 27000 15
250 100   1 HW www 50000 15
250 100  11 HW www 50000 15
250 100  16 HW www 50000 15
250 100   2 HW zzw 30000 15
250 100  21 HW www 50000 15
250 100  26 HW www 50000 15
250 100   3 HW ttw 30000 15
250 100  31 HW www 50000 15
250 100  36 HW www 50000 15
250 100   4 HW bbw 27000 15
250 100  41 HW www 50000 15
250 100   5 HW aaw 30000 15
250 100   6 HW www 50000 15
250 100   9 HW bbw 27000 15
250 120   1 HW www 50000 15
250 120  11 HW www 50000 15
250 120  16 HW www 50000 15
250 120   2 HW zzw 30000 15
250 120  21 HW www 50000 15
250 120  26 HW www 50000 15
250 120   3 HW ttw 30000 15
250 120  31 HW www 50000 15
250 120  36 HW www 50000 15
250 120   4 HW bbw 27000 15
250 120  41 HW www 50000 15
250 120   5 HW aaw 30000 15
250 120   6 HW www 50000 15
250 120   9 HW bbw 27000 15
250  25   1 HW www 50000 15
250  25  11 HW www 50000 15
250  25  16 HW www 50000 15
250  25   2 HW zzw 30000 15
250  25  21 HW www 50000 15
250  25  26 HW www 50000 15
250  25   3 HW ttw 30000 15
250  25  31 HW www 50000 15
250  25  36 HW www 50000 15
250  25   4 HW bbw 27000 15
250  25  41 HW www 50000 15
250  25   5 HW aaw 30000 15
250  25   6 HW www 50000 15
250  25   9 HW bbw 27000 15
250  50   1 HW www 50000 15
250  50  11 HW www 50000 15
250  50  16 HW www 50000 15
250  50   2 HW zzw 30000 15
250  50  21 HW www 50000 15
250  50  26 HW www 50000 15
250  50   3 HW ttw 30000 15
250  50  31 HW www 50000 15
250  50  36 HW www 50000 15
250  50   4 HW bbw 27000 15
250  50  41 HW www 50000 15
250  50   5 HW aaw 30000 15
250  50   6 HW www 50000 15
250  50   9 HW bbw 27000 15
250  75   1 HW www 50000 15
250  75  11 HW www 50000 15
250  75  16 HW www 50000 15
250  75   2 HW zzw 30000 15
250  75  21 HW www 50000 15
250  75  26 HW www 50000 15
250  75   3 HW ttw 30000 15
250  75  31 HW www 50000 15
250  75  36 HW www 50000 15
250  75   4 HW bbw 27000 15
250  75  41 HW www 50000 15
250  75   5 HW aaw 30000 15
250  75   6 HW www 50000 15
250  75   9 HW bbw 27000 15
275   1   1 HW www 50000 15
275   1  11 HW www 50000 15
275   1  16 HW www 50000 15
275   1   2 HW zzw 30000 15
275   1  21 HW www 50000 15
275   1  26 HW www 50000 15
275   1   3 HW ttw 30000 15
275   1  31 HW www 50000 15
275   1  36 HW www 50000 15
275   1   4 HW bbw 27000 15
275   1  41 HW www 50000 15
275   1   5 HW aaw 30000 15
275   1   6 HW www 50000 15
275   1   9 HW bbw 27000 15
275 100   1 HW www 50000 15
275 100  11 HW www 50000 15
275 100  16 HW www 50000 15
275 100   2 HW zzw 30000 15
275 100  21 HW www 50000 15
275 100  26 HW www 50000 15
275 100   3 HW ttw 30000 15
275 100  31 HW www 50000 15
275 100  36 HW www 50000 15
275 100   4 HW bbw 27000 15
275 100  41 HW www 50000 15
275 100   5 HW aaw 30000 15
275 100   6 HW www 50000 15
275 100   9 HW bbw 27000 15
275 125   1 HW www 50000 15
275 125  11 HW www 50000 15
275 125  16 HW www 50000 15
275 125   2 HW zzw 30000 15
275 125  21 HW www 50000 15
275 125  26 HW www 50000 15
275 125   3 HW ttw 30000 15
275 125  31 HW www 50000 15
275 125  36 HW www 50000 15
275 125   4 HW bbw 27000 15
275 125  41 HW www 50000 15
275 125   5 HW aaw 30000 15
275 125   6 HW www 50000 15
275 125   9 HW bbw 27000 15
275 145   1 HW www 50000 15
275 145  11 HW www 50000 15
275 145  16 HW www 50000 15
275 145   2 HW zzw 30000 15
275 145  21 HW www 50000 15
275 145  26 HW www 50000 15
275 145   3 HW ttw 30000 15
275 145  31 HW www 50000 15
275 145  36 HW www 50000 15
275 145   4 HW bbw 27000 15
275 145  41 HW www 50000 15
275 145   5 HW aaw 30000 15
275 145   6 HW www 50000 15
275 145   9 HW bbw 27000 15
275  25   1 HW www 50000 15
275  25  11 HW www 50000 15
275  25  16 HW www 50000 15
275  25   2 HW zzw 30000 15
275  25  21 HW www 50000 15
275  25  26 HW www 50000 15
275  25   3 HW ttw 30000 15
275  25  31 HW www 50000 15
275  25  36 HW www 50000 15
275  25   4 HW bbw 27000 15
275  25  41 HW www 50000 15
275  25   5 HW aaw 30000 15
275  25   6 HW www 50000 15
275  25   9 HW bbw 27000 15
275  50   1 HW www 50000 15
275  50  11 HW www 50000 15
275  50  16 HW www 50000 15
275  50   2 HW zzw 30000 15
275  50  21 HW www 50000 15
275  50  26 HW www 50000 15
275  50   3 HW ttw 30000 15
275  50  31 HW www 50000 15
275  50  36 HW www 50000 15
275  50   4 HW bbw 27000 15
275  50  41 HW www 50000 15
275  50   5 HW aaw 30000 15
275  50   6 HW www 50000 15
275  50   9 HW bbw 27000 15
275  75   1 HW www 50000 15
275  75  11 HW www 50000 15
275  75  16 HW www 50000 15
275  75   2 HW zzw 30000 15
275  75  21 HW www 50000 15
275  75  26 HW www 50000 15
275  75   3 HW ttw 30000 15
275  75  31 HW www 50000 15
275  75  36 HW www 50000 15
275  75   4 HW bbw 27000 15
275  75  41 HW www 50000 15
275  75   5 HW aaw 30000 15
275  75   6 HW www 50000 15
275  75   9 HW bbw 27000 15
300   1   1 HW www 50000 15
300   1  11 HW www 50000 15
300   1  16 HW www 50000 15
300   1   2 HW zzw 30000 15
300   1  21 HW www 50000 15
300   1  26 HW www 50000 15
300   1   3 HW ttw 30000 15
300   1  31 HW www 50000 15
300   1  36 HW www 50000 15
300   1   4 HW bbw 27000 15
300   1  41 HW www 50000 15
300   1   5 HW aaw 30000 15
300   1   6 HW www 50000 15
300   1   9 HW bbw 27000 15
300 100   1 HW www 50000 15
300 100  11 HW www 50000 15
300 100  16 HW www 50000 15
300 100   2 HW zzw 30000 15
300 100  21 HW www 50000 15
300 100  26 HW www 50000 15
300 100   3 HW ttw 30000 15
300 100  31 HW www 50000 15
300 100  36 HW www 50000 15
300 100   4 HW bbw 27000 15
300 100  41 HW www 50000 15
300 100   5 HW aaw 30000 15
300 100   6 HW www 50000 15
300 100   9 HW bbw 27000 15
300 125   1 HW www 50000 15
300 125  11 HW www 50000 15
300 125  16 HW www 50000 15
300 125   2 HW zzw 30000 15
300 125  21 HW www 50000 15
300 125  26 HW www 50000 15
300 125   3 HW ttw 30000 15
300 125  31 HW www 50000 15
300 125  36 HW www 50000 15
300 125   4 HW bbw 27000 15
300 125  41 HW www 50000 15
300 125   5 HW aaw 30000 15
300 125   6 HW www 50000 15
300 125   9 HW bbw 27000 15
300 150   1 HW www 50000 15
300 150  11 HW www 50000 15
300 150  16 HW www 50000 15
300 150   2 HW zzw 30000 15
300 150  21 HW www 50000 15
300 150  26 HW www 50000 15
300 150   3 HW ttw 30000 15
300 150  31 HW www 50000 15
300 150  36 HW www 50000 15
300 150   4 HW bbw 27000 15
300 150  41 HW www 50000 15
300 150   5 HW aaw 30000 15
300 150   6 HW www 50000 15
300 150   9 HW bbw 27000 15
300 170   1 HW www 50000 15
300 170  11 HW www 50000 15
300 170  16 HW www 50000 15
300 170   2 HW zzw 30000 15
300 170  21 HW www 50000 15
300 170  26 HW www 50000 15
300 170   3 HW ttw 30000 15
300 170  31 HW www 50000 15
300 170  36 HW www 50000 15
300 170   4 HW bbw 27000 15
300 170  41 HW www 50000 15
300 170   5 HW aaw 30000 15
300 170   6 HW www 50000 15
300 170   9 HW bbw 27000 15
300  25   1 HW www 50000 15
300  25  11 HW www 50000 15
300  25  16 HW www 50000 15
300  25   2 HW zzw 30000 15
300  25  21 HW www 50000 15
300  25  26 HW www 50000 15
300  25   3 HW ttw 30000 15
300  25  31 HW www 50000 15
300  25  36 HW www 50000 15
300  25   4 HW bbw 27000 15
300  25  41 HW www 50000 15
300  25   5 HW aaw 30000 15
300  25   6 HW www 50000 15
300  25   9 HW bbw 27000 15
300  50   1 HW www 50000 15
300  50  11 HW www 50000 15
300  50  16 HW www 50000 15
300  50   2 HW zzw 30000 15
300  50  21 HW www 50000 15
300  50  26 HW www 50000 15
300  50   3 HW ttw 30000 15
300  50  31 HW www 50000 15
300  50  36 HW www 50000 15
300  50   4 HW bbw 27000 15
300  50  41 HW www 50000 15
300  50   5 HW aaw 30000 15
300  50   6 HW www 50000 15
300  50   9 HW bbw 27000 15
300  75   1 HW www 50000 15
300  75  11 HW www 50000 15
300  75  16 HW www 50000 15
300  75   2 HW zzw 30000 15
300  75  21 HW www 50000 15
300  75  26 HW www 50000 15
300  75   3 HW ttw 30000 15
300  75  31 HW www 50000 15
300  75  36 HW www 50000 15
300  75   4 HW bbw 27000 15
300  75  41 HW www 50000 15
300  75   5 HW aaw 30000 15
300  75   6 HW www 50000 15
300  75   9 HW bbw 27000 15
325   1   1 HW www 50000 15
325   1  11 HW www 50000 15
325   1  16 HW www 50000 15
325   1   2 HW zzw 30000 15
325   1  21 HW www 50000 15
325   1  26 HW www 50000 15
325   1   3 HW ttw 30000 15
325   1  31 HW www 50000 15
325   1  36 HW www 50000 15
325   1   4 HW bbw 27000 15
325   1  41 HW www 50000 15
325   1   5 HW aaw 30000 15
325   1   6 HW www 50000 15
325   1   9 HW bbw 27000 15
325 100   1 HW www 50000 15
325 100  11 HW www 50000 15
325 100  16 HW www 50000 15
325 100   2 HW zzw 30000 15
325 100  21 HW www 50000 15
325 100  26 HW www 50000 15
325 100   3 HW ttw 30000 15
325 100  31 HW www 50000 15
325 100  36 HW www 50000 15
325 100   4 HW bbw 27000 15
325 100  41 HW www 50000 15
325 100   5 HW aaw 30000 15
325 100   6 HW www 50000 15
325 100   9 HW bbw 27000 15
325 125   1 HW www 50000 15
325 125  11 HW www 50000 15
325 125  16 HW www 50000 15
325 125   2 HW zzw 30000 15
325 125  21 HW www 50000 15
325 125  26 HW www 50000 15
325 125   3 HW ttw 30000 15
325 125  31 HW www 50000 15
325 125  36 HW www 50000 15
325 125   4 HW bbw 27000 15
325 125  41 HW www 50000 15
325 125   5 HW aaw 30000 15
325 125   6 HW www 50000 15
325 125   9 HW bbw 27000 15
325 150   1 HW www 50000 15
325 150  11 HW www 50000 15
325 150  16 HW www 50000 15
325 150   2 HW zzw 30000 15
325 150  21 HW www 50000 15
325 150  26 HW www 50000 15
325 150   3 HW ttw 30000 15
325 150  31 HW www 50000 15
325 150  36 HW www 50000 15
325 150   4 HW bbw 27000 15
325 150  41 HW www 50000 15
325 150   5 HW aaw 30000 15
325 150   6 HW www 50000 15
325 150   9 HW bbw 27000 15
325 175   1 HW www 50000 15
325 175  11 HW www 50000 15
325 175  16 HW www 50000 15
325 175   2 HW zzw 30000 15
325 175  21 HW www 50000 15
325 175  26 HW www 50000 15
325 175   3 HW ttw 30000 15
325 175  31 HW www 50000 15
325 175  36 HW www 50000 15
325 175   4 HW bbw 27000 15
325 175  41 HW www 50000 15
325 175   5 HW aaw 30000 15
325 175   6 HW www 50000 15
325 175   9 HW bbw 27000 15
325 195   1 HW www 50000 15
325 195  11 HW www 50000 15
325 195  16 HW www 50000 15
325 195   2 HW zzw 30000 15
325 195  21 HW www 50000 15
325 195  26 HW www 50000 15
325 195   3 HW ttw 30000 15
325 195  31 HW www 50000 15
325 195  36 HW www 50000 15
325 195   4 HW bbw 27000 15
325 195  41 HW www 50000 15
325 195   5 HW aaw 30000 15
325 195   6 HW www 50000 15
325 195   9 HW bbw 27000 15
325  25   1 HW www 50000 15
325  25  11 HW www 50000 15
325  25  16 HW www 50000 15
325  25   2 HW zzw 30000 15
325  25  21 HW www 50000 15
325  25  26 HW www 50000 15
325  25   3 HW ttw 30000 15
325  25  31 HW www 50000 15
325  25  36 HW www 50000 15
325  25   4 HW bbw 27000 15
325  25  41 HW www 50000 15
325  25   5 HW aaw 30000 15
325  25   6 HW www 50000 15
325  25   9 HW bbw 27000 15
325  50   1 HW www 50000 15
325  50  11 HW www 50000 15
325  50  16 HW www 50000 15
325  50   2 HW zzw 30000 15
325  50  21 HW www 50000 15
325  50  26 HW www 50000 15
325  50   3 HW ttw 30000 15
325  50  31 HW www 50000 15
325  50  36 HW www 50000 15
325  50   4 HW bbw 27000 15
325  50  41 HW www 50000 15
325  50   5 HW aaw 30000 15
325  50   6 HW www 50000 15
325  50   9 HW bbw 27000 15
325  75   1 HW www 50000 15
325  75  11 HW www 50000 15
325  75  16 HW www 50000 15
325  75   2 HW zzw 30000 15
325  75  21 HW www 50000 15
325  75  26 HW www 50000 15
325  75   3 HW ttw 30000 15
325  75  31 HW www 50000 15
325  75  36 HW www 50000 15
325  75   4 HW bbw 27000 15
325  75  41 HW www 50000 15
325  75   5 HW aaw 30000 15
325  75   6 HW www 50000 15
325  75   9 HW bbw 27000 15
350   1   1 HW www 50000 15
350   1  11 HW www 50000 15
350   1  16 HW www 50000 15
350   1   2 HW zzw 30000 15
350   1  21 HW www 50000 15
350   1  26 HW www 50000 15
350   1   3 HW ttw 30000 15
350   1  31 HW www 50000 15
350   1  36 HW www 50000 15
350   1   4 HW bbw 27000 15
350   1  41 HW www 50000 15
350   1   5 HW aaw 30000 15
350   1   6 HW www 50000 15
350   1   9 HW bbw 27000 15
350 100   1 HW www 50000 15
350 100  11 HW www 50000 15
350 100  16 HW www 50000 15
350 100   2 HW zzw 30000 15
350 100  21 HW www 50000 15
350 100  26 HW www 50000 15
350 100   3 HW ttw 30000 15
350 100  31 HW www 50000 15
350 100  36 HW www 50000 15
350 100   4 HW bbw 27000 15
350 100  41 HW www 50000 15
350 100   5 HW aaw 30000 15
350 100   6 HW www 50000 15
350 100   9 HW bbw 27000 15
350 125   1 HW www 50000 15
350 125  11 HW www 50000 15
350 125  16 HW www 50000 15
350 125   2 HW zzw 30000 15
350 125  21 HW www 50000 15
350 125  26 HW www 50000 15
350 125   3 HW ttw 30000 15
350 125  31 HW www 50000 15
350 125  36 HW www 50000 15
350 125   4 HW bbw 27000 15
350 125  41 HW www 50000 15
350 125   5 HW aaw 30000 15
350 125   6 HW www 50000 15
350 125   9 HW bbw 27000 15
350 150   1 HW www 50000 15
350 150  11 HW www 50000 15
350 150  16 HW www 50000 15
350 150   2 HW zzw 30000 15
350 150  21 HW www 50000 15
350 150  26 HW www 50000 15
350 150   3 HW ttw 30000 15
350 150  31 HW www 50000 15
350 150  36 HW www 50000 15
350 150   4 HW bbw 27000 15
350 150  41 HW www 50000 15
350 150   5 HW aaw 30000 15
350 150   6 HW www 50000 15
350 150   9 HW bbw 27000 15
350 175   1 HW www 50000 15
350 175  11 HW www 50000 15
350 175  16 HW www 50000 15
350 175   2 HW zzw 30000 15
350 175  21 HW www 50000 15
350 175  26 HW www 50000 15
350 175   3 HW ttw 30000 15
350 175  31 HW www 50000 15
350 175  36 HW www 50000 15
350 175   4 HW bbw 27000 15
350 175  41 HW www 50000 15
350 175   5 HW aaw 30000 15
350 175   6 HW www 50000 15
350 175   9 HW bbw 27000 15
350 200   1 HW www 50000 15
350 200  11 HW www 50000 15
350 200  16 HW www 50000 15
350 200   2 HW zzw 30000 15
350 200  21 HW www 50000 15
350 200  26 HW www 50000 15
350 200   3 HW ttw 30000 15
350 200  31 HW www 50000 15
350 200  36 HW www 50000 15
350 200   4 HW bbw 27000 15
350 200  41 HW www 50000 15
350 200   5 HW aaw 30000 15
350 200   6 HW www 50000 15
350 200   9 HW bbw 27000 15
350 220   1 HW www 50000 15
350 220  11 HW www 50000 15
350 220  16 HW www 50000 15
350 220   2 HW zzw 30000 15
350 220  21 HW www 50000 15
350 220  26 HW www 50000 15
350 220   3 HW ttw 30000 15
350 220  31 HW www 50000 15
350 220  36 HW www 50000 15
350 220   4 HW bbw 27000 15
350 220  41 HW www 50000 15
350 220   5 HW aaw 30000 15
350 220   6 HW www 50000 15
350 220   9 HW bbw 27000 15
350  25   1 HW www 50000 15
350  25  11 HW www 50000 15
350  25  16 HW www 50000 15
350  25   2 HW zzw 30000 15
350  25  21 HW www 50000 15
350  25  26 HW www 50000 15
350  25   3 HW ttw 30000 15
350  25  31 HW www 50000 15
350  25  36 HW www 50000 15
350  25   4 HW bbw 27000 15
350  25  41 HW www 50000 15
350  25   5 HW aaw 30000 15
350  25   6 HW www 50000 15
350  25   9 HW bbw 27000 15
350  50   1 HW www 50000 15
350  50  11 HW www 50000 15
350  50  16 HW www 50000 15
350  50   2 HW zzw 30000 15
350  50  21 HW www 50000 15
350  50  26 HW www 50000 15
350  50   3 HW ttw 30000 15
350  50  31 HW www 50000 15
350  50  36 HW www 50000 15
350  50   4 HW bbw 27000 15
350  50  41 HW www 50000 15
350  50   5 HW aaw 30000 15
350  50   6 HW www 50000 15
350  50   9 HW bbw 27000 15
350  75   1 HW www 50000 15
350  75  11 HW www 50000 15
350  75  16 HW www 50000 15
350  75   2 HW zzw 30000 15
350  75  21 HW www 50000 15
350  75  26 HW www 50000 15
350  75   3 HW ttw 30000 15
350  75  31 HW www 50000 15
350  75  36 HW www 50000 15
350  75   4 HW bbw 27000 15
350  75  41 HW www 50000 15
350  75   5 HW aaw 30000 15
350  75   6 HW www 50000 15
350  75   9 HW bbw 27000 15
375   1   1 HW www 50000 15
375   1  11 HW www 50000 15
375   1  16 HW www 50000 15
375   1   2 HW zzw 30000 15
375   1  21 HW www 50000 15
375   1  26 HW www 50000 15
375   1   3 HW ttw 30000 15
375   1  31 HW www 50000 15
375   1  36 HW www 50000 15
375   1   4 HW bbw 27000 15
375   1  41 HW www 50000 15
375   1   5 HW aaw 30000 15
375   1   6 HW www 50000 15
375   1   9 HW bbw 27000 15
375 100   1 HW www 50000 15
375 100  11 HW www 50000 15
375 100  16 HW www 50000 15
375 100   2 HW zzw 30000 15
375 100  21 HW www 50000 15
375 100  26 HW www 50000 15
375 100   3 HW ttw 30000 15
375 100  31 HW www 50000 15
375 100  36 HW www 50000 15
375 100   4 HW bbw 27000 15
375 100  41 HW www 50000 15
375 100   5 HW aaw 30000 15
375 100   6 HW www 50000 15
375 100   9 HW bbw 27000 15
375 125   1 HW www 50000 15
375 125  11 HW www 50000 15
375 125  16 HW www 50000 15
375 125   2 HW zzw 30000 15
375 125  21 HW www 50000 15
375 125  26 HW www 50000 15
375 125   3 HW ttw 30000 15
375 125  31 HW www 50000 15
375 125  36 HW www 50000 15
375 125   4 HW bbw 27000 15
375 125  41 HW www 50000 15
375 125   5 HW aaw 30000 15
375 125   6 HW www 50000 15
375 125   9 HW bbw 27000 15
375 150   1 HW www 50000 15
375 150  11 HW www 50000 15
375 150  16 HW www 50000 15
375 150   2 HW zzw 30000 15
375 150  21 HW www 50000 15
375 150  26 HW www 50000 15
375 150   3 HW ttw 30000 15
375 150  31 HW www 50000 15
375 150  36 HW www 50000 15
375 150   4 HW bbw 27000 15
375 150  41 HW www 50000 15
375 150   5 HW aaw 30000 15
375 150   6 HW www 50000 15
375 150   9 HW bbw 27000 15
375 175   1 HW www 50000 15
375 175  11 HW www 50000 15
375 175  16 HW www 50000 15
375 175   2 HW zzw 30000 15
375 175  21 HW www 50000 15
375 175  26 HW www 50000 15
375 175   3 HW ttw 30000 15
375 175  31 HW www 50000 15
375 175  36 HW www 50000 15
375 175   4 HW bbw 27000 15
375 175  41 HW www 50000 15
375 175   5 HW aaw 30000 15
375 175   6 HW www 50000 15
375 175   9 HW bbw 27000 15
375 200   1 HW www 50000 15
375 200  11 HW www 50000 15
375 200  16 HW www 50000 15
375 200   2 HW zzw 30000 15
375 200  21 HW www 50000 15
375 200  26 HW www 50000 15
375 200   3 HW ttw 30000 15
375 200  31 HW www 50000 15
375 200  36 HW www 50000 15
375 200   4 HW bbw 27000 15
375 200  41 HW www 50000 15
375 200   5 HW aaw 30000 15
375 200   6 HW www 50000 15
375 200   9 HW bbw 27000 15
375 225   1 HW www 50000 15
375 225  11 HW www 50000 15
375 225  16 HW www 50000 15
375 225   2 HW zzw 30000 15
375 225  21 HW www 50000 15
375 225  26 HW www 50000 15
375 225   3 HW ttw 30000 15
375 225  31 HW www 50000 15
375 225  36 HW www 50000 15
375 225   4 HW bbw 27000 15
375 225  41 HW www 50000 15
375 225   5 HW aaw 30000 15
375 225   6 HW www 50000 15
375 225   9 HW bbw 27000 15
375 245   1 HW www 50000 15
375 245  11 HW www 50000 15
375 245  16 HW www 50000 15
375 245   2 HW zzw 30000 15
375 245  21 HW www 50000 15
375 245  26 HW www 50000 15
375 245   3 HW ttw 30000 15
375 245  31 HW www 50000 15
375 245  36 HW www 50000 15
375 245   4 HW bbw 27000 15
375 245  41 HW www 50000 15
375 245   5 HW aaw 30000 15
375 245   6 HW www 50000 15
375 245   9 HW bbw 27000 15
375  25   1 HW www 50000 15
375  25  11 HW www 50000 15
375  25  16 HW www 50000 15
375  25   2 HW zzw 30000 15
375  25  21 HW www 50000 15
375  25  26 HW www 50000 15
375  25   3 HW ttw 30000 15
375  25  31 HW www 50000 15
375  25  36 HW www 50000 15
375  25   4 HW bbw 27000 15
375  25  41 HW www 50000 15
375  25   5 HW aaw 30000 15
375  25   6 HW www 50000 15
375  25   9 HW bbw 27000 15
375  50   1 HW www 50000 15
375  50  11 HW www 50000 15
375  50  16 HW www 50000 15
375  50   2 HW zzw 30000 15
375  50  21 HW www 50000 15
375  50  26 HW www 50000 15
375  50   3 HW ttw 30000 15
375  50  31 HW www 50000 15
375  50  36 HW www 50000 15
375  50   4 HW bbw 27000 15
375  50  41 HW www 50000 15
375  50   5 HW aaw 30000 15
375  50   6 HW www 50000 15
375  50   9 HW bbw 27000 15
375  75   1 HW www 50000 15
375  75  11 HW www 50000 15
375  75  16 HW www 50000 15
375  75   2 HW zzw 30000 15
375  75  21 HW www 50000 15
375  75  26 HW www 50000 15
375  75   3 HW ttw 30000 15
375  75  31 HW www 50000 15
375  75  36 HW www 50000 15
375  75   4 HW bbw 27000 15
375  75  41 HW www 50000 15
375  75   5 HW aaw 30000 15
375  75   6 HW www 50000 15
375  75   9 HW bbw 27000 15
400   1   1 HW www 50000 15
400   1  11 HW www 50000 15
400   1  16 HW www 50000 15
400   1   2 HW zzw 30000 15
400   1  21 HW www 50000 15
400   1  26 HW www 50000 15
400   1   3 HW ttw 30000 15
400   1  31 HW www 50000 15
400   1  36 HW www 50000 15
400   1   4 HW bbw 27000 15
400   1  41 HW www 50000 15
400   1   5 HW aaw 30000 15
400   1   6 HW www 50000 15
400   1   9 HW bbw 27000 15
400 100   1 HW www 50000 15
400 100  11 HW www 50000 15
400 100  16 HW www 50000 15
400 100   2 HW zzw 30000 15
400 100  21 HW www 50000 15
400 100  26 HW www 50000 15
400 100   3 HW ttw 30000 15
400 100  31 HW www 50000 15
400 100  36 HW www 50000 15
400 100   4 HW bbw 27000 15
400 100  41 HW www 50000 15
400 100   5 HW aaw 30000 15
400 100   6 HW www 50000 15
400 100   9 HW bbw 27000 15
400 125   1 HW www 50000 15
400 125  11 HW www 50000 15
400 125  16 HW www 50000 15
400 125   2 HW zzw 30000 15
400 125  21 HW www 50000 15
400 125  26 HW www 50000 15
400 125   3 HW ttw 30000 15
400 125  31 HW www 50000 15
400 125  36 HW www 50000 15
400 125   4 HW bbw 27000 15
400 125  41 HW www 50000 15
400 125   5 HW aaw 30000 15
400 125   6 HW www 50000 15
400 125   9 HW bbw 27000 15
400 150   1 HW www 50000 15
400 150  11 HW www 50000 15
400 150  16 HW www 50000 15
400 150   2 HW zzw 30000 15
400 150  21 HW www 50000 15
400 150  26 HW www 50000 15
400 150   3 HW ttw 30000 15
400 150  31 HW www 50000 15
400 150  36 HW www 50000 15
400 150   4 HW bbw 27000 15
400 150  41 HW www 50000 15
400 150   5 HW aaw 30000 15
400 150   6 HW www 50000 15
400 150   9 HW bbw 27000 15
400 175   1 HW www 50000 15
400 175  11 HW www 50000 15
400 175  16 HW www 50000 15
400 175   2 HW zzw 30000 15
400 175  21 HW www 50000 15
400 175  26 HW www 50000 15
400 175   3 HW ttw 30000 15
400 175  31 HW www 50000 15
400 175  36 HW www 50000 15
400 175   4 HW bbw 27000 15
400 175  41 HW www 50000 15
400 175   5 HW aaw 30000 15
400 175   6 HW www 50000 15
400 175   9 HW bbw 27000 15
400 200   1 HW www 50000 15
400 200  11 HW www 50000 15
400 200  16 HW www 50000 15
400 200   2 HW zzw 30000 15
400 200  21 HW www 50000 15
400 200  26 HW www 50000 15
400 200   3 HW ttw 30000 15
400 200  31 HW www 50000 15
400 200  36 HW www 50000 15
400 200   4 HW bbw 27000 15
400 200  41 HW www 50000 15
400 200   5 HW aaw 30000 15
400 200   6 HW www 50000 15
400 200   9 HW bbw 27000 15
400 225   1 HW www 50000 15
400 225  11 HW www 50000 15
400 225  16 HW www 50000 15
400 225   2 HW zzw 30000 15
400 225  21 HW www 50000 15
400 225  26 HW www 50000 15
400 225   3 HW ttw 30000 15
400 225  31 HW www 50000 15
400 225  36 HW www 50000 15
400 225   4 HW bbw 27000 15
400 225  41 HW www 50000 15
400 225   5 HW aaw 30000 15
400 225   6 HW www 50000 15
400 225   9 HW bbw 27000 15
400  25   1 HW www 50000 15
400  25  11 HW www 50000 15
400  25  16 HW www 50000 15
400  25   2 HW zzw 30000 15
400  25  21 HW www 50000 15
400  25  26 HW www 50000 15
400  25   3 HW ttw 30000 15
400  25  31 HW www 50000 15
400  25  36 HW www 50000 15
400  25   4 HW bbw 27000 15
400  25  41 HW www 50000 15
400  25   5 HW aaw 30000 15
400  25   6 HW www 50000 15
400  25   9 HW bbw 27000 15
400 250   1 HW www 50000 15
400 250  11 HW www 50000 15
400 250  16 HW www 50000 15
400 250   2 HW zzw 30000 15
400 250  21 HW www 50000 15
400 250  26 HW www 50000 15
400 250   3 HW ttw 30000 15
400 250  31 HW www 50000 15
400 250  36 HW www 50000 15
400 250   4 HW bbw 27000 15
400 250  41 HW www 50000 15
400 250   5 HW aaw 30000 15
400 250   6 HW www 50000 15
400 250   9 HW bbw 27000 15
400 270   1 HW www 50000 15
400 270  11 HW www 50000 15
400 270  16 HW www 50000 15
400 270   2 HW zzw 30000 15
400 270  21 HW www 50000 15
400 270  26 HW www 50000 15
400 270   3 HW ttw 30000 15
400 270  31 HW www 50000 15
400 270  36 HW www 50000 15
400 270   4 HW bbw 27000 15
400 270  41 HW www 50000 15
400 270   5 HW aaw 30000 15
400 270   6 HW www 50000 15
400 270   9 HW bbw 27000 15
400  50   1 HW www 50000 15
400  50  11 HW www 50000 15
400  50  16 HW www 50000 15
400  50   2 HW zzw 30000 15
400  50  21 HW www 50000 15
400  50  26 HW www 50000 15
400  50   3 HW ttw 30000 15
400  50  31 HW www 50000 15
400  50  36 HW www 50000 15
400  50   4 HW bbw 27000 15
400  50  41 HW www 50000 15
400  50   5 HW aaw 30000 15
400  50   6 HW www 50000 15
400  50   9 HW bbw 27000 15
400  75   1 HW www 50000 15
400  75  11 HW www 50000 15
400  75  16 HW www 50000 15
400  75   2 HW zzw 30000 15
400  75  21 HW www 50000 15
400  75  26 HW www 50000 15
400  75   3 HW ttw 30000 15
400  75  31 HW www 50000 15
400  75  36 HW www 50000 15
400  75   4 HW bbw 27000 15
400  75  41 HW www 50000 15
400  75   5 HW aaw 30000 15
400  75   6 HW www 50000 15
400  75   9 HW bbw 27000 15
425   1   1 HW www 50000 15
425   1  10 HW aaw 30000 15
425   1  11 HW www 50000 15
425   1  16 HW www 50000 15
425   1   2 HW zzw 30000 15
425   1  21 HW www 50000 15
425   1  26 HW www 50000 15
425   1   3 HW ttw 30000 15
425   1  31 HW www 50000 15
425   1  36 HW www 50000 15
425   1   4 HW bbw 30000 15
425   1  41 HW www 50000 15
425   1   5 HW aaw 30000 15
425   1   6 HW www 50000 15
425 100   1 HW www 50000 15
425 100  10 HW aaw 30000 15
425 100  11 HW www 50000 15
425 100  16 HW www 50000 15
425 100   2 HW zzw 30000 15
425 100  21 HW www 50000 15
425 100  26 HW www 50000 15
425 100   3 HW ttw 30000 15
425 100  31 HW www 50000 15
425 100  36 HW www 50000 15
425 100   4 HW bbw 30000 15
425 100  41 HW www 50000 15
425 100   5 HW aaw 30000 15
425 100   6 HW www 50000 15
425 125   1 HW www 50000 15
425 125  10 HW aaw 30000 15
425 125  11 HW www 50000 15
425 125  16 HW www 50000 15
425 125   2 HW zzw 30000 15
425 125  21 HW www 50000 15
425 125  26 HW www 50000 15
425 125   3 HW ttw 30000 15
425 125  31 HW www 50000 15
425 125  36 HW www 50000 15
425 125   4 HW bbw 30000 15
425 125  41 HW www 50000 15
425 125   5 HW aaw 30000 15
425 125   6 HW www 50000 15
425 150   1 HW www 50000 15
425 150  10 HW aaw 30000 15
425 150  11 HW www 50000 15
425 150  16 HW www 50000 15
425 150   2 HW zzw 30000 15
425 150  21 HW www 50000 15
425 150  26 HW www 50000 15
425 150   3 HW ttw 30000 15
425 150  31 HW www 50000 15
425 150  36 HW www 50000 15
425 150   4 HW bbw 30000 15
425 150  41 HW www 50000 15
425 150   5 HW aaw 30000 15
425 150   6 HW www 50000 15
425 175   1 HW www 50000 15
425 175  10 HW aaw 30000 15
425 175  11 HW www 50000 15
425 175  16 HW www 50000 15
425 175   2 HW zzw 30000 15
425 175  21 HW www 50000 15
425 175  26 HW www 50000 15
425 175   3 HW ttw 30000 15
425 175  31 HW www 50000 15
425 175  36 HW www 50000 15
425 175   4 HW bbw 30000 15
425 175  41 HW www 50000 15
425 175   5 HW aaw 30000 15
425 175   6 HW www 50000 15
425 200   1 HW www 50000 15
425 200  10 HW aaw 30000 15
425 200  11 HW www 50000 15
425 200  16 HW www 50000 15
425 200   2 HW zzw 30000 15
425 200  21 HW www 50000 15
425 200  26 HW www 50000 15
425 200   3 HW ttw 30000 15
425 200  31 HW www 50000 15
425 200  36 HW www 50000 15
425 200   4 HW bbw 30000 15
425 200  41 HW www 50000 15
425 200   5 HW aaw 30000 15
425 200   6 HW www 50000 15
425 225   1 HW www 50000 15
425 225  10 HW aaw 30000 15
425 225  11 HW www 50000 15
425 225  16 HW www 50000 15
425 225   2 HW zzw 30000 15
425 225  21 HW www 50000 15
425 225  26 HW www 50000 15
425 225   3 HW ttw 30000 15
425 225  31 HW www 50000 15
425 225  36 HW www 50000 15
425 225   4 HW bbw 30000 15
425 225  41 HW www 50000 15
425 225   5 HW aaw 30000 15
425 225   6 HW www 50000 15
425  25   1 HW www 50000 15
425  25  10 HW aaw 30000 15
425  25  11 HW www 50000 15
425  25  16 HW www 50000 15
425  25   2 HW zzw 30000 15
425  25  21 HW www 50000 15
425  25  26 HW www 50000 15
425  25   3 HW ttw 30000 15
425  25  31 HW www 50000 15
425  25  36 HW www 50000 15
425  25   4 HW bbw 30000 15
425  25  41 HW www 50000 15
425  25   5 HW aaw 30000 15
425  25   6 HW www 50000 15
425 250   1 HW www 50000 15
425 250  10 HW aaw 30000 15
425 250  11 HW www 50000 15
425 250  16 HW www 50000 15
425 250   2 HW zzw 30000 15
425 250  21 HW www 50000 15
425 250  26 HW www 50000 15
425 250   3 HW ttw 30000 15
425 250  31 HW www 50000 15
425 250  36 HW www 50000 15
425 250   4 HW bbw 30000 15
425 250  41 HW www 50000 15
425 250   5 HW aaw 30000 15
425 250   6 HW www 50000 15
425 275   1 HW www 50000 15
425 275  10 HW aaw 30000 15
425 275  11 HW www 50000 15
425 275  16 HW www 50000 15
425 275   2 HW zzw 30000 15
425 275  21 HW www 50000 15
425 275  26 HW www 50000 15
425 275   3 HW ttw 30000 15
425 275  31 HW www 50000 15
425 275  36 HW www 50000 15
425 275   4 HW bbw 30000 15
425 275  41 HW www 50000 15
425 275   5 HW aaw 30000 15
425 275   6 HW www 50000 15
425 295   1 HW www 50000 15
425 295  10 HW aaw 30000 15
425 295  11 HW www 50000 15
425 295  16 HW www 50000 15
425 295   2 HW zzw 30000 15
425 295  21 HW www 50000 15
425 295  26 HW www 50000 15
425 295   3 HW ttw 30000 15
425 295  31 HW www 50000 15
425 295  36 HW www 50000 15
425 295   4 HW bbw 30000 15
425 295  41 HW www 50000 15
425 295   5 HW aaw 30000 15
425 295   6 HW www 50000 15
425  50   1 HW www 50000 15
425  50  10 HW aaw 30000 15
425  50  11 HW www 50000 15
425  50  16 HW www 50000 15
425  50   2 HW zzw 30000 15
425  50  21 HW www 50000 15
425  50  26 HW www 50000 15
425  50   3 HW ttw 30000 15
425  50  31 HW www 50000 15
425  50  36 HW www 50000 15
425  50   4 HW bbw 30000 15
425  50  41 HW www 50000 15
425  50   5 HW aaw 30000 15
425  50   6 HW www 50000 15
425  75   1 HW www 50000 15
425  75  10 HW aaw 30000 15
425  75  11 HW www 50000 15
425  75  16 HW www 50000 15
425  75   2 HW zzw 30000 15
425  75  21 HW www 50000 15
425  75  26 HW www 50000 15
425  75   3 HW ttw 30000 15
425  75  31 HW www 50000 15
425  75  36 HW www 50000 15
425  75   4 HW bbw 30000 15
425  75  41 HW www 50000 15
425  75   5 HW aaw 30000 15
425  75   6 HW www 50000 15
450   1   1 HW www 50000 15
450   1  10 HW aaw 30000 15
450   1  11 HW www 50000 15
450   1  16 HW www 50000 15
450   1   2 HW zzw 30000 15
450   1  21 HW www 50000 15
450   1  26 HW www 50000 15
450   1   3 HW ttw 30000 15
450   1  31 HW www 50000 15
450   1  36 HW www 50000 15
450   1   4 HW bbw 30000 15
450   1  41 HW www 50000 15
450   1   5 HW aaw 30000 15
450   1   6 HW www 50000 15
450 100   1 HW www 50000 15
450 100  10 HW aaw 30000 15
450 100  11 HW www 50000 15
450 100  16 HW www 50000 15
450 100   2 HW zzw 30000 15
450 100  21 HW www 50000 15
450 100  26 HW www 50000 15
450 100   3 HW ttw 30000 15
450 100  31 HW www 50000 15
450 100  36 HW www 50000 15
450 100   4 HW bbw 30000 15
450 100  41 HW www 50000 15
450 100   5 HW aaw 30000 15
450 100   6 HW www 50000 15
450 125   1 HW www 50000 15
450 125  10 HW aaw 30000 15
450 125  11 HW www 50000 15
450 125  16 HW www 50000 15
450 125   2 HW zzw 30000 15
450 125  21 HW www 50000 15
450 125  26 HW www 50000 15
450 125   3 HW ttw 30000 15
450 125  31 HW www 50000 15
450 125  36 HW www 50000 15
450 125   4 HW bbw 30000 15
450 125  41 HW www 50000 15
450 125   5 HW aaw 30000 15
450 125   6 HW www 50000 15
450 150   1 HW www 50000 15
450 150  10 HW aaw 30000 15
450 150  11 HW www 50000 15
450 150  16 HW www 50000 15
450 150   2 HW zzw 30000 15
450 150  21 HW www 50000 15
450 150  26 HW www 50000 15
450 150   3 HW ttw 30000 15
450 150  31 HW www 50000 15
450 150  36 HW www 50000 15
450 150   4 HW bbw 30000 15
450 150  41 HW www 50000 15
450 150   5 HW aaw 30000 15
450 150   6 HW www 50000 15
450 175   1 HW www 50000 15
450 175  10 HW aaw 30000 15
450 175  11 HW www 50000 15
450 175  16 HW www 50000 15
450 175   2 HW zzw 30000 15
450 175  21 HW www 50000 15
450 175  26 HW www 50000 15
450 175   3 HW ttw 30000 15
450 175  31 HW www 50000 15
450 175  36 HW www 50000 15
450 175   4 HW bbw 30000 15
450 175  41 HW www 50000 15
450 175   5 HW aaw 30000 15
450 175   6 HW www 50000 15
450 200   1 HW www 50000 15
450 200  10 HW aaw 30000 15
450 200  11 HW www 50000 15
450 200  16 HW www 50000 15
450 200   2 HW zzw 30000 15
450 200  21 HW www 50000 15
450 200  26 HW www 50000 15
450 200   3 HW ttw 30000 15
450 200  31 HW www 50000 15
450 200  36 HW www 50000 15
450 200   4 HW bbw 30000 15
450 200  41 HW www 50000 15
450 200   5 HW aaw 30000 15
450 200   6 HW www 50000 15
450 225   1 HW www 50000 15
450 225  10 HW aaw 30000 15
450 225  11 HW www 50000 15
450 225  16 HW www 50000 15
450 225   2 HW zzw 30000 15
450 225  21 HW www 50000 15
450 225  26 HW www 50000 15
450 225   3 HW ttw 30000 15
450 225  31 HW www 50000 15
450 225  36 HW www 50000 15
450 225   4 HW bbw 30000 15
450 225  41 HW www 50000 15
450 225   5 HW aaw 30000 15
450 225   6 HW www 50000 15
450  25   1 HW www 50000 15
450  25  10 HW aaw 30000 15
450  25  11 HW www 50000 15
450  25  16 HW www 50000 15
450  25   2 HW zzw 30000 15
450  25  21 HW www 50000 15
450  25  26 HW www 50000 15
450  25   3 HW ttw 30000 15
450  25  31 HW www 50000 15
450  25  36 HW www 50000 15
450  25   4 HW bbw 30000 15
450  25  41 HW www 50000 15
450  25   5 HW aaw 30000 15
450  25   6 HW www 50000 15
450 250   1 HW www 50000 15
450 250  10 HW aaw 30000 15
450 250  11 HW www 50000 15
450 250  16 HW www 50000 15
450 250   2 HW zzw 30000 15
450 250  21 HW www 50000 15
450 250  26 HW www 50000 15
450 250   3 HW ttw 30000 15
450 250  31 HW www 50000 15
450 250  36 HW www 50000 15
450 250   4 HW bbw 30000 15
450 250  41 HW www 50000 15
450 250   5 HW aaw 30000 15
450 250   6 HW www 50000 15
450 275   1 HW www 50000 15
450 275  10 HW aaw 30000 15
450 275  11 HW www 50000 15
450 275  16 HW www 50000 15
450 275   2 HW zzw 30000 15
450 275  21 HW www 50000 15
450 275  26 HW www 50000 15
450 275   3 HW ttw 30000 15
450 275  31 HW www 50000 15
450 275  36 HW www 50000 15
450 275   4 HW bbw 30000 15
450 275  41 HW www 50000 15
450 275   5 HW aaw 30000 15
450 275   6 HW www 50000 15
450 300   1 HW www 50000 15
450 300  10 HW aaw 30000 15
450 300  11 HW www 50000 15
450 300  16 HW www 50000 15
450 300   2 HW zzw 30000 15
450 300  21 HW www 50000 15
450 300  26 HW www 50000 15
450 300   3 HW ttw 30000 15
450 300  31 HW www 50000 15
450 300  36 HW www 50000 15
450 300   4 HW bbw 30000 15
450 300  41 HW www 50000 15
450 300   5 HW aaw 30000 15
450 300   6 HW www 50000 15
450 320   1 HW www 50000 15
450 320  10 HW aaw 30000 15
450 320  11 HW www 50000 15
450 320  16 HW www 50000 15
450 320   2 HW zzw 30000 15
450 320  21 HW www 50000 15
450 320  26 HW www 50000 15
450 320   3 HW ttw 30000 15
450 320  31 HW www 50000 15
450 320  36 HW www 50000 15
450 320   4 HW bbw 30000 15
450 320  41 HW www 50000 15
450 320   5 HW aaw 30000 15
450 320   6 HW www 50000 15
450  50   1 HW www 50000 15
450  50  10 HW aaw 30000 15
450  50  11 HW www 50000 15
450  50  16 HW www 50000 15
450  50   2 HW zzw 30000 15
450  50  21 HW www 50000 15
450  50  26 HW www 50000 15
450  50   3 HW ttw 30000 15
450  50  31 HW www 50000 15
450  50  36 HW www 50000 15
450  50   4 HW bbw 30000 15
450  50  41 HW www 50000 15
450  50   5 HW aaw 30000 15
450  50   6 HW www 50000 15
450  75   1 HW www 50000 15
450  75  10 HW aaw 30000 15
450  75  11 HW www 50000 15
450  75  16 HW www 50000 15
450  75   2 HW zzw 30000 15
450  75  21 HW www 50000 15
450  75  26 HW www 50000 15
450  75   3 HW ttw 30000 15
450  75  31 HW www 50000 15
450  75  36 HW www 50000 15
450  75   4 HW bbw 30000 15
450  75  41 HW www 50000 15
450  75   5 HW aaw 30000 15
450  75   6 HW www 50000 15
475   1   1 HW www 50000 15
475   1  10 HW aaw 30000 15
475   1  11 HW www 50000 15
475   1  16 HW www 50000 15
475   1   2 HW zzw 30000 15
475   1  21 HW www 50000 15
475   1  26 HW www 50000 15
475   1   3 HW ttw 30000 15
475   1  31 HW www 50000 15
475   1  36 HW www 50000 15
475   1   4 HW bbw 30000 15
475   1  41 HW www 50000 15
475   1   5 HW aaw 30000 15
475   1   6 HW www 50000 15
475 100   1 HW www 50000 15
475 100  10 HW aaw 30000 15
475 100  11 HW www 50000 15
475 100  16 HW www 50000 15
475 100   2 HW zzw 30000 15
475 100  21 HW www 50000 15
475 100  26 HW www 50000 15
475 100   3 HW ttw 30000 15
475 100  31 HW www 50000 15
475 100  36 HW www 50000 15
475 100   4 HW bbw 30000 15
475 100  41 HW www 50000 15
475 100   5 HW aaw 30000 15
475 100   6 HW www 50000 15
475 125   1 HW www 50000 15
475 125  10 HW aaw 30000 15
475 125  11 HW www 50000 15
475 125  16 HW www 50000 15
475 125   2 HW zzw 30000 15
475 125  21 HW www 50000 15
475 125  26 HW www 50000 15
475 125   3 HW ttw 30000 15
475 125  31 HW www 50000 15
475 125  36 HW www 50000 15
475 125   4 HW bbw 30000 15
475 125  41 HW www 50000 15
475 125   5 HW aaw 30000 15
475 125   6 HW www 50000 15
475 150   1 HW www 50000 15
475 150  10 HW aaw 30000 15
475 150  11 HW www 50000 15
475 150  16 HW www 50000 15
475 150   2 HW zzw 30000 15
475 150  21 HW www 50000 15
475 150  26 HW www 50000 15
475 150   3 HW ttw 30000 15
475 150  31 HW www 50000 15
475 150  36 HW www 50000 15
475 150   4 HW bbw 30000 15
475 150  41 HW www 50000 15
475 150   5 HW aaw 30000 15
475 150   6 HW www 50000 15
475 175   1 HW www 50000 15
475 175  10 HW aaw 30000 15
475 175  11 HW www 50000 15
475 175  16 HW www 50000 15
475 175   2 HW zzw 30000 15
475 175  21 HW www 50000 15
475 175  26 HW www 50000 15
475 175   3 HW ttw 30000 15
475 175  31 HW www 50000 15
475 175  36 HW www 50000 15
475 175   4 HW bbw 30000 15
475 175  41 HW www 50000 15
475 175   5 HW aaw 30000 15
475 175   6 HW www 50000 15
475 200   1 HW www 50000 15
475 200  10 HW aaw 30000 15
475 200  11 HW www 50000 15
475 200  16 HW www 50000 15
475 200   2 HW zzw 30000 15
475 200  21 HW www 50000 15
475 200  26 HW www 50000 15
475 200   3 HW ttw 30000 15
475 200  31 HW www 50000 15
475 200  36 HW www 50000 15
475 200   4 HW bbw 30000 15
475 200  41 HW www 50000 15
475 200   5 HW aaw 30000 15
475 200   6 HW www 50000 15
475 225   1 HW www 50000 15
475 225  10 HW aaw 30000 15
475 225  11 HW www 50000 15
475 225  16 HW www 50000 15
475 225   2 HW zzw 30000 15
475 225  21 HW www 50000 15
475 225  26 HW www 50000 15
475 225   3 HW ttw 30000 15
475 225  31 HW www 50000 15
475 225  36 HW www 50000 15
475 225   4 HW bbw 30000 15
475 225  41 HW www 50000 15
475 225   5 HW aaw 30000 15
475 225   6 HW www 50000 15
475  25   1 HW www 50000 15
475  25  10 HW aaw 30000 15
475  25  11 HW www 50000 15
475  25  16 HW www 50000 15
475  25   2 HW zzw 30000 15
475  25  21 HW www 50000 15
475  25  26 HW www 50000 15
475  25   3 HW ttw 30000 15
475  25  31 HW www 50000 15
475  25  36 HW www 50000 15
475  25   4 HW bbw 30000 15
475  25  41 HW www 50000 15
475  25   5 HW aaw 30000 15
475  25   6 HW www 50000 15
475 250   1 HW www 50000 15
475 250  10 HW aaw 30000 15
475 250  11 HW www 50000 15
475 250  16 HW www 50000 15
475 250   2 HW zzw 30000 15
475 250  21 HW www 50000 15
475 250  26 HW www 50000 15
475 250   3 HW ttw 30000 15
475 250  31 HW www 50000 15
475 250  36 HW www 50000 15
475 250   4 HW bbw 30000 15
475 250  41 HW www 50000 15
475 250   5 HW aaw 30000 15
475 250   6 HW www 50000 15
475 275   1 HW www 50000 15
475 275  10 HW aaw 30000 15
475 275  11 HW www 50000 15
475 275  16 HW www 50000 15
475 275   2 HW zzw 30000 15
475 275  21 HW www 50000 15
475 275  26 HW www 50000 15
475 275   3 HW ttw 30000 15
475 275  31 HW www 50000 15
475 275  36 HW www 50000 15
475 275   4 HW bbw 30000 15
475 275  41 HW www 50000 15
475 275   5 HW aaw 30000 15
475 275   6 HW www 50000 15
475 300   1 HW www 50000 15
475 300  10 HW aaw 30000 15
475 300  11 HW www 50000 15
475 300  16 HW www 50000 15
475 300   2 HW zzw 30000 15
475 300  21 HW www 50000 15
475 300  26 HW www 50000 15
475 300   3 HW ttw 30000 15
475 300  31 HW www 50000 15
475 300  36 HW www 50000 15
475 300   4 HW bbw 30000 15
475 300  41 HW www 50000 15
475 300   5 HW aaw 30000 15
475 300   6 HW www 50000 15
475 325   1 HW www 50000 15
475 325  10 HW aaw 30000 15
475 325  11 HW www 50000 15
475 325  16 HW www 50000 15
475 325   2 HW zzw 30000 15
475 325  21 HW www 50000 15
475 325  26 HW www 50000 15
475 325   3 HW ttw 30000 15
475 325  31 HW www 50000 15
475 325  36 HW www 50000 15
475 325   4 HW bbw 30000 15
475 325  41 HW www 50000 15
475 325   5 HW aaw 30000 15
475 325   6 HW www 50000 15
475 345   1 HW www 50000 15
475 345  10 HW aaw 30000 15
475 345  11 HW www 50000 15
475 345  16 HW www 50000 15
475 345   2 HW zzw 30000 15
475 345  21 HW www 50000 15
475 345  26 HW www 50000 15
475 345   3 HW ttw 30000 15
475 345  31 HW www 50000 15
475 345  36 HW www 50000 15
475 345   4 HW bbw 30000 15
475 345  41 HW www 50000 15
475 345   5 HW aaw 30000 15
475 345   6 HW www 50000 15
475  50   1 HW www 50000 15
475  50  10 HW aaw 30000 15
475  50  11 HW www 50000 15
475  50  16 HW www 50000 15
475  50   2 HW zzw 30000 15
475  50  21 HW www 50000 15
475  50  26 HW www 50000 15
475  50   3 HW ttw 30000 15
475  50  31 HW www 50000 15
475  50  36 HW www 50000 15
475  50   4 HW bbw 30000 15
475  50  41 HW www 50000 15
475  50   5 HW aaw 30000 15
475  50   6 HW www 50000 15
475  75   1 HW www 50000 15
475  75  10 HW aaw 30000 15
475  75  11 HW www 50000 15
475  75  16 HW www 50000 15
475  75   2 HW zzw 30000 15
475  75  21 HW www 50000 15
475  75  26 HW www 50000 15
475  75   3 HW ttw 30000 15
475  75  31 HW www 50000 15
475  75  36 HW www 50000 15
475  75   4 HW bbw 30000 15
475  75  41 HW www 50000 15
475  75   5 HW aaw 30000 15
475  75   6 HW www 50000 15
500   1   1 HW www 50000 15
500   1  10 HW aaw 30000 15
500   1  11 HW www 50000 15
500   1  16 HW www 50000 15
500   1   2 HW zzw 30000 15
500   1  21 HW www 50000 15
500   1  26 HW www 50000 15
500   1   3 HW ttw 30000 15
500   1  31 HW www 50000 15
500   1  36 HW www 50000 15
500   1   4 HW bbw 30000 15
500   1  41 HW www 50000 15
500   1   5 HW aaw 30000 15
500   1   6 HW www 50000 15
500 100   1 HW www 50000 15
500 100  10 HW aaw 30000 15
500 100  11 HW www 50000 15
500 100  16 HW www 50000 15
500 100   2 HW zzw 30000 15
500 100  21 HW www 50000 15
500 100  26 HW www 50000 15
500 100   3 HW ttw 30000 15
500 100  31 HW www 50000 15
500 100  36 HW www 50000 15
500 100   4 HW bbw 30000 15
500 100  41 HW www 50000 15
500 100   5 HW aaw 30000 15
500 100   6 HW www 50000 15
500 125   1 HW www 50000 15
500 125  10 HW aaw 30000 15
500 125  11 HW www 50000 15
500 125  16 HW www 50000 15
500 125   2 HW zzw 30000 15
500 125  21 HW www 50000 15
500 125  26 HW www 50000 15
500 125   3 HW ttw 30000 15
500 125  31 HW www 50000 15
500 125  36 HW www 50000 15
500 125   4 HW bbw 30000 15
500 125  41 HW www 50000 15
500 125   5 HW aaw 30000 15
500 125   6 HW www 50000 15
500 150   1 HW www 50000 15
500 150  10 HW aaw 30000 15
500 150  11 HW www 50000 15
500 150  16 HW www 50000 15
500 150   2 HW zzw 30000 15
500 150  21 HW www 50000 15
500 150  26 HW www 50000 15
500 150   3 HW ttw 30000 15
500 150  31 HW www 50000 15
500 150  36 HW www 50000 15
500 150   4 HW bbw 30000 15
500 150  41 HW www 50000 15
500 150   5 HW aaw 30000 15
500 150   6 HW www 50000 15
500 175   1 HW www 50000 15
500 175  10 HW aaw 30000 15
500 175  11 HW www 50000 15
500 175  16 HW www 50000 15
500 175   2 HW zzw 30000 15
500 175  21 HW www 50000 15
500 175  26 HW www 50000 15
500 175   3 HW ttw 30000 15
500 175  31 HW www 50000 15
500 175  36 HW www 50000 15
500 175   4 HW bbw 30000 15
500 175  41 HW www 50000 15
500 175   5 HW aaw 30000 15
500 175   6 HW www 50000 15
500 200   1 HW www 50000 15
500 200  10 HW aaw 30000 15
500 200  11 HW www 50000 15
500 200  16 HW www 50000 15
500 200   2 HW zzw 30000 15
500 200  21 HW www 50000 15
500 200  26 HW www 50000 15
500 200   3 HW ttw 30000 15
500 200  31 HW www 50000 15
500 200  36 HW www 50000 15
500 200   4 HW bbw 30000 15
500 200  41 HW www 50000 15
500 200   5 HW aaw 30000 15
500 200   6 HW www 50000 15
500 225   1 HW www 50000 15
500 225  10 HW aaw 30000 15
500 225  11 HW www 50000 15
500 225  16 HW www 50000 15
500 225   2 HW zzw 30000 15
500 225  21 HW www 50000 15
500 225  26 HW www 50000 15
500 225   3 HW ttw 30000 15
500 225  31 HW www 50000 15
500 225  36 HW www 50000 15
500 225   4 HW bbw 30000 15
500 225  41 HW www 50000 15
500 225   5 HW aaw 30000 15
500 225   6 HW www 50000 15
500  25   1 HW www 50000 15
500  25  10 HW aaw 30000 15
500  25  11 HW www 50000 15
500  25  16 HW www 50000 15
500  25   2 HW zzw 30000 15
500  25  21 HW www 50000 15
500  25  26 HW www 50000 15
500  25   3 HW ttw 30000 15
500  25  31 HW www 50000 15
500  25  36 HW www 50000 15
500  25   4 HW bbw 30000 15
500  25  41 HW www 50000 15
500  25   5 HW aaw 30000 15
500  25   6 HW www 50000 15
500 250   1 HW www 50000 15
500 250  10 HW aaw 30000 15
500 250  11 HW www 50000 15
500 250  16 HW www 50000 15
500 250   2 HW zzw 30000 15
500 250  21 HW www 50000 15
500 250  26 HW www 50000 15
500 250   3 HW ttw 30000 15
500 250  31 HW www 50000 15
500 250  36 HW www 50000 15
500 250   4 HW bbw 30000 15
500 250  41 HW www 50000 15
500 250   5 HW aaw 30000 15
500 250   6 HW www 50000 15
500 275   1 HW www 50000 15
500 275  10 HW aaw 30000 15
500 275  11 HW www 50000 15
500 275  16 HW www 50000 15
500 275   2 HW zzw 30000 15
500 275  21 HW www 50000 15
500 275  26 HW www 50000 15
500 275   3 HW ttw 30000 15
500 275  31 HW www 50000 15
500 275  36 HW www 50000 15
500 275   4 HW bbw 30000 15
500 275  41 HW www 50000 15
500 275   5 HW aaw 30000 15
500 275   6 HW www 50000 15
500 300   1 HW www 50000 15
500 300  10 HW aaw 30000 15
500 300  11 HW www 50000 15
500 300  16 HW www 50000 15
500 300   2 HW zzw 30000 15
500 300  21 HW www 50000 15
500 300  26 HW www 50000 15
500 300   3 HW ttw 30000 15
500 300  31 HW www 50000 15
500 300  36 HW www 50000 15
500 300   4 HW bbw 30000 15
500 300  41 HW www 50000 15
500 300   5 HW aaw 30000 15
500 300   6 HW www 50000 15
500 325   1 HW www 50000 15
500 325  10 HW aaw 30000 15
500 325  11 HW www 50000 15
500 325  16 HW www 50000 15
500 325   2 HW zzw 30000 15
500 325  21 HW www 50000 15
500 325  26 HW www 50000 15
500 325   3 HW ttw 30000 15
500 325  31 HW www 50000 15
500 325  36 HW www 50000 15
500 325   4 HW bbw 30000 15
500 325  41 HW www 50000 15
500 325   5 HW aaw 30000 15
500 325   6 HW www 50000 15
500 350   1 HW www 50000 15
500 350  10 HW aaw 30000 15
500 350  11 HW www 50000 15
500 350  16 HW www 50000 15
500 350   2 HW zzw 30000 15
500 350  21 HW www 50000 15
500 350  26 HW www 50000 15
500 350   3 HW ttw 30000 15
500 350  31 HW www 50000 15
500 350  36 HW www 50000 15
500 350   4 HW bbw 30000 15
500 350  41 HW www 50000 15
500 350   5 HW aaw 30000 15
500 350   6 HW www 50000 15
500 370   1 HW www 50000 15
500 370  10 HW aaw 30000 15
500 370  11 HW www 50000 15
500 370  16 HW www 50000 15
500 370   2 HW zzw 30000 15
500 370  21 HW www 50000 15
500 370  26 HW www 50000 15
500 370   3 HW ttw 30000 15
500 370  31 HW www 50000 15
500 370  36 HW www 50000 15
500 370   4 HW bbw 30000 15
500 370  41 HW www 50000 15
500 370   5 HW aaw 30000 15
500 370   6 HW www 50000 15
500  50   1 HW www 50000 15
500  50  10 HW aaw 30000 15
500  50  11 HW www 50000 15
500  50  16 HW www 50000 15
500  50   2 HW zzw 30000 15
500  50  21 HW www 50000 15
500  50  26 HW www 50000 15
500  50   3 HW ttw 30000 15
500  50  31 HW www 50000 15
500  50  36 HW www 50000 15
500  50   4 HW bbw 30000 15
500  50  41 HW www 50000 15
500  50   5 HW aaw 30000 15
500  50   6 HW www 50000 15
500  75   1 HW www 50000 15
500  75  10 HW aaw 30000 15
500  75  11 HW www 50000 15
500  75  16 HW www 50000 15
500  75   2 HW zzw 30000 15
500  75  21 HW www 50000 15
500  75  26 HW www 50000 15
500  75   3 HW ttw 30000 15
500  75  31 HW www 50000 15
500  75  36 HW www 50000 15
500  75   4 HW bbw 30000 15
500  75  41 HW www 50000 15
500  75   5 HW aaw 30000 15
500  75   6 HW www 50000 15
